tree
version=v4
num_class=1
num_tree_per_iteration=1
label_index=0
max_feature_idx=15
objective=binary sigmoid:1
feature_names=rsi_14 rsi_z macd_hist stoch_k cci_20 atr_pct bb_pct_b bb_width_norm ema9_ratio ema21_ratio ema_cross golden_death adx_14 price_return_5d price_return_20d vol_ratio
feature_infos=[11.31728352953921:87.017825681112072] [-2.578847764697386:2.4678550454074712] [-170.39445525174347:230.91706945806044] [1.0597850249310961:99.633005588282316] [-487.47022138992236:393.2596771353771] [0.013204009666130983:0.057437501919649088] [-0.51455321866323045:1.4422884414286961] [0.031137684865179427:0.53782762842263176] [-0.13223809878632264:0.14599444351887092] [-0.17912149671594069:0.2288430851971921] [-0.09812198193102295:0.092879085791595095] none [7.1784787727330057:78.058697430246269] [-0.17110628711643172:0.26801758601774539] [-0.31662873607968967:0.52973259524319238] [0:12.566974205832727]
tree_sizes=3413 3449 3451 3445 3459 3446 3458 3465 3455 3465 3454 3453 3447 3486 3446 3445 3446

Tree=0
num_leaves=31
num_cat=0
split_feature=13 5 5 12 14 7 12 3 13 14 14 10 7 12 4 13 0 7 7 3 15 12 14 0 3 12 10 4 10 3
split_gain=80.4599 64.0447 26.0504 25.357 21.2357 20.5282 18.0111 18.2036 16.051 14.6562 12.627 21.2697 19.2114 14.9831 12.2 10.9175 10.0775 11.2527 9.70375 8.93663 8.74118 8.55685 7.58626 8.95509 9.42816 7.23771 7.10748 5.64903 7.53934 4.94036
threshold=0.053505983409616771 0.032557246539819791 0.043772195972034904 30.195532324238023 0.037039298958479246 0.22398029460558452 13.940827065914721 49.146234844797803 -0.022197696720355761 0.10096433524191407 -0.001190262118659746 0.00042886384565299368 0.21322435590660127 16.660350590814375 -92.01470410101247 -0.012047783487950213 54.124146918257303 0.17814707998020032 0.13884700684892606 48.200359529491955 1.277879575553367 35.781567043115778 -0.10749974624986978 36.571024712163847 18.493200668773806 22.959731864851666 0.014228959601442883 -63.045127915933506 -0.0073099147263889211 86.723008089664305
decision_type=2 2 2 2 2 2 2 2 2 2 2 2 2 2 2 2 2 2 2 2 2 2 2 2 2 2 2 2 2 2
left_child=2 9 3 6 8 -4 7 14 -5 -2 12 -12 13 -8 -1 22 19 29 -10 -13 26 -6 -15 -24 -25 -19 -3 -17 -29 -18
right_child=1 20 5 4 21 -7 10 -9 18 -11 11 16 -14 15 -16 27 17 25 -20 -21 -22 -23 23 24 -26 -27 -28 28 -30 -31
leaf_value=-0.089973829010676104 -0.090714231066975223 -0.047311334323629231 -0.067117981175385949 -0.096712030994947087 -0.11738628006647339 -0.10326139164972258 -0.11506463502755972 -0.080180733805106735 -0.058752471281554475 -0.12010260476200241 -0.13134751413821408 -0.1076851204395841 -0.1228144433721548 -0.088596933973723813 -0.11665360507367337 -0.079813534844870387 -0.11512365310817776 -0.090029009918645569 -0.085217234743708486 -0.085830055166931596 -0.075396186159042103 -0.095604698305662095 -0.11723194343604561 -0.086710544280757917 -0.10831866555807483 -0.11288494199959676 -0.068376021631428655 -0.1041717274936296 -0.083352120054340659 -0.13024507204250704
leaf_weight=27.183314129710197 39.403336077928543 34.166183814406395 32.66985459625721 44.889876544475555 30.92413717508316 24.93882030248642 58.356839507818222 45.388652950525284 24.93882030248642 24.93882030248642 45.887429356575012 46.386205762624741 43.144159123301506 26.185761317610741 35.66251303255558 31.422913581132889 82.547495201230049 24.93882030248642 24.93882030248642 26.435149520635605 33.418019205331802 34.166183814406395 43.892323732376099 28.929031550884247 48.880087792873383 24.93882030248642 24.93882030248642 36.909454047679901 27.183314129710197 25.437596708536148
leaf_count=109 158 137 131 180 124 100 234 182 100 100 184 186 173 105 143 126 331 100 100 106 134 137 176 116 196 100 100 148 109 102
internal_value=-0.0990192 -0.0791184 -0.102315 -0.103581 -0.0927596 -0.0827645 -0.105952 -0.0946578 -0.0836977 -0.102105 -0.107919 -0.112694 -0.104089 -0.101412 -0.105114 -0.098139 -0.108984 -0.113242 -0.0719849 -0.0997514 -0.063133 -0.105953 -0.103245 -0.106397 -0.100285 -0.101457 -0.0561994 -0.0902332 -0.0953416 -0.118686
internal_weight=0 156.865 947.176 889.568 159.858 57.6087 729.71 108.234 94.7675 64.3422 621.475 276.572 344.904 301.76 62.8458 243.403 230.684 157.863 49.8776 72.8214 92.523 65.0903 147.887 121.701 77.8091 49.8776 59.105 95.5157 64.0928 107.985
internal_count=4427 629 3798 3567 641 231 2926 434 380 258 2492 1109 1383 1210 252 976 925 633 200 292 371 261 593 488 312 200 237 383 257 433
is_linear=0
shrinkage=1


Tree=1
num_leaves=31
num_cat=0
split_feature=13 5 5 12 14 7 12 3 13 14 14 7 12 3 5 13 4 13 8 1 3 7 15 12 14 0 3 4 9 13
split_gain=75.6562 60.13 24.5032 23.8664 19.9682 19.2788 16.9577 17.1147 15.0741 13.8025 11.8992 18.1077 14.1109 12.1411 13.1104 12.8132 11.4883 10.27 10.1064 11.6281 9.97327 9.10174 8.19504 8.06084 7.13868 8.43816 8.87042 5.30749 7.00584 4.99995
threshold=0.053505983409616771 0.032557246539819791 0.043772195972034904 30.195532324238023 0.037039298958479246 0.22398029460558452 13.940827065914721 49.146234844797803 -0.022197696720355761 0.10096433524191407 -0.001190262118659746 0.21322435590660127 16.660350590814375 60.037671317687405 0.033832663741779602 0.017579769849365604 -92.01470410101247 -0.012047783487950213 -0.00020362792938649618 -0.2568849245839418 86.348273655481805 0.13884700684892606 1.277879575553367 35.781567043115778 -0.10749974624986978 36.571024712163847 18.493200668773806 -63.045127915933506 -0.0056146047410700608 -0.023167320313819181
decision_type=2 2 2 2 2 2 2 2 2 2 2 2 2 2 2 2 2 2 2 2 2 2 2 2 2 2 2 2 2 2
left_child=2 9 3 6 8 -4 7 16 -5 -2 11 12 -8 18 15 -15 -1 24 19 -12 -17 -10 -3 -6 -14 -26 -27 -19 -29 -21
right_child=1 22 5 4 23 -7 10 -9 21 -11 13 -13 17 14 -16 20 -18 27 -20 29 -22 -23 -24 -25 25 26 -28 28 -30 -31
leaf_value=0.0087701649206395893 0.0080525606018434 0.041466168434097561 0.030902523481789908 0.0022376606621628756 -0.017834068927869141 -0.0041158618770622945 -0.01557767142419781 0.01825762183749095 0.038995701253243358 -0.020474906411850072 -0.032195318738589891 -0.023112327899424617 0.010104546465315624 -0.0017535716828845247 0.0074863274629637568 -0.011312240110667292 -0.017121912056834457 0.01861322410327379 -0.03529139868519568 -6.0339983128344555e-05 -0.034748196798747376 0.013379232634019383 0.022890330316206273 0.0033114698884054617 -0.017684048604079246 0.011932434130157972 -0.009024932004035164 -0.0073699142084832445 0.012560513512065087 -0.01717524585601863
leaf_weight=27.194925725460052 39.418849110603333 59.201643571257591 32.71314525604248 44.894940555095673 30.893453538417816 24.933475255966187 58.306792438030243 45.426949262619019 24.978438019752502 24.910062551498413 25.900407746434212 43.087318986654282 26.19855523109436 53.335809499025345 38.141866862773895 37.625858306884766 35.628653571009636 31.449888288974762 30.890876024961472 32.157860711216927 28.890699073672295 24.954667687416077 33.452437281608582 34.171854987740517 43.84916877746582 28.945558071136475 48.856553375720978 28.927306115627289 35.175220862030983 29.414022102952003
leaf_count=109 158 237 131 180 124 100 234 182 100 100 104 173 105 214 153 151 143 126 124 129 116 100 134 137 176 116 196 116 141 118
internal_value=0 0.0192887 -0.003198 -0.00442666 0.00607023 0.0157563 -0.00672769 0.00422965 0.014852 -0.00299412 -0.00863726 -0.0049199 -0.00232182 -0.0132752 -0.00783268 -0.0127078 -0.00591381 0.000853601 -0.0205401 -0.0153306 -0.0214914 0.0261936 0.0347594 -0.00672858 -0.00410039 -0.00715954 -0.00122794 0.008519 0.00356658 -0.00823645
internal_weight=0 156.983 946.944 889.298 159.893 57.6466 729.404 108.251 94.828 64.3289 621.154 344.796 301.709 276.357 157.994 119.852 62.8236 243.402 118.363 87.4723 66.5166 49.9331 92.6541 65.0653 147.85 121.651 77.8021 95.5524 64.1025 61.5719
internal_count=4427 629 3798 3567 641 231 2926 434 380 258 2492 1383 1210 1109 634 481 252 976 475 351 267 200 371 261 593 488 312 383 257 247
is_linear=0
shrinkage=0.03


Tree=2
num_leaves=31
num_cat=0
split_feature=13 5 5 7 12 13 9 13 10 2 12 3 10 2 2 3 9 5 5 12 0 7 2 10 12 8 15 13 10 15
split_gain=71.1693 56.5087 23.0579 27.9654 19.1089 18.5036 17.4009 15.5963 15.1308 15.025 14.4701 16.0253 10.5506 13.2697 19.1967 18.393 12.1396 11.4591 19.203 11.1771 9.76534 10.8554 9.95525 8.73084 10.2149 8.32124 7.70473 7.5784 6.66627 6.60361
threshold=0.053505983409616771 0.032557246539819791 0.040849607902716224 0.24342002144946415 30.195532324238023 0.00042881959221585669 0.016402653687016992 -0.022197696720355761 -0.018852028442675469 3.5250061049124377 13.940827065914721 49.146234844797803 -0.029062916566989335 -0.23902466515799145 -0.9331887014481991 24.043462090814071 -0.012206876633813089 0.026380528782965592 0.03197432889068285 16.249485843699457 56.468458707678309 0.17814707998020032 3.07956756280571 0.0016293165341306761 19.782218268853331 -0.0098551523719844197 1.277879575553367 0.0070214125122194391 0.014228959601442883 0.7606267303980655
decision_type=2 2 2 2 2 2 2 2 2 2 2 2 2 2 2 2 2 2 2 2 2 2 2 2 2 2 2 2 2 2
left_child=2 9 4 5 10 8 7 -6 -4 -2 11 25 -12 14 16 -15 17 -14 -19 -17 22 -22 27 24 -16 -1 28 -21 -3 -8
right_child=1 26 3 -5 6 -7 29 -9 -10 -11 12 -13 13 15 23 19 -18 18 -20 20 21 -23 -24 -25 -26 -27 -28 -29 -30 -31
leaf_value=0.002602725825142321 0.0089134838122925091 0.048788906972545995 0.025411118111878756 -0.014059230092971744 0.00075186834942198922 0.040801646610514691 0.00079911268855513992 0.025279407695511218 -0.007307277666161207 -0.020696620742162442 -0.023908023986473823 0.016957142744585367 -0.018650639517875885 -0.036441128208628097 -0.012284286035380853 -0.02370113558333526 -0.022210393280036912 0.019118800906764599 -0.009343035396166828 -0.0038643151296679362 -0.022555586421145697 -0.0020731725479897576 -0.017953658734297273 0.021134700827898263 0.013829665054664484 -0.019803773937797909 0.022187114180559388 0.013069971673253184 0.028412388934206556 -0.019705465143840615
leaf_weight=36.153022572398186 38.640437856316566 34.249708071351051 25.951783731579781 30.897201552987099 47.132042095065117 25.209606513381004 32.65677085518837 46.205919161438942 24.951830849051476 25.66905577480793 38.595036745071411 44.7071283608675 33.878104746341705 25.397164225578308 25.656214267015457 43.07197792828083 43.585436969995499 35.135207146406174 54.316767543554306 60.05084502696991 56.987611085176468 39.380204379558563 26.168706461787224 32.384418249130249 28.409182503819466 25.395399153232574 33.476921498775482 39.381879568099976 24.995474517345428 24.924865037202835
leaf_count=145 155 137 104 124 189 101 131 185 100 103 155 179 136 102 103 173 175 141 218 241 229 158 105 130 114 102 134 158 100 100
internal_value=0 0.0187039 -0.00310349 0.0100115 -0.0047751 0.0197827 0.00489291 0.012894 0.00937328 -0.00290535 -0.00689385 0.00328714 -0.00875132 -0.00767562 -0.00265815 -0.0120526 -0.00860099 -0.00379136 0.00183629 -0.00971564 -0.00700183 -0.0141856 -0.00149011 0.00881617 0.00143754 -0.00664239 0.0336915 0.00284277 0.0401921 -0.00807653
internal_weight=0 157.032 946.584 107.01 839.574 76.1132 150.92 93.338 50.9036 64.3095 688.654 106.256 582.399 543.804 253.365 290.438 166.916 123.33 89.452 265.041 221.969 96.3678 125.601 86.4498 54.0654 61.5484 92.7221 99.4327 59.2452 57.5816
internal_count=4427 629 3798 429 3369 305 605 374 204 258 2764 426 2338 2183 1017 1166 670 495 359 1064 891 387 504 347 217 247 371 399 237 231
is_linear=0
shrinkage=0.03


Tree=3
num_leaves=31
num_cat=0
split_feature=5 2 7 7 7 12 10 3 5 2 7 12 12 10 10 4 5 2 3 2 8 9 5 5 7 2 4 7 3 15
split_gain=40.2528 45.0607 35.1432 25.3293 22.5493 16.8708 21.402 17.6681 31.3992 16.508 12.9678 12.4932 12.1235 11.0303 8.77589 7.29875 12.4819 7.09452 28.2618 14.4378 12.6121 9.69976 9.6611 9.15231 6.83593 6.51314 6.42672 8.6852 6.33406 4.51804
threshold=0.040849607902716224 0.27808744478750597 0.30543003797811091 0.24342002144946415 0.24739883252614081 30.195532324238023 0.0053828460392633124 68.953771710307748 0.033655068551381742 2.4892091868761024 0.13459596420611486 35.781567043115778 13.940827065914721 -0.014490874172467803 0.0088249064652815585 102.52129937910725 0.028308024279112175 -0.20642096584119882 24.043462090814071 -0.95781299156668387 -0.011240334299226882 -0.060466480018825701 0.026380528782965592 0.032776607476599127 0.10068575132314279 0.55387004443377064 -82.173307698011584 0.092212699283559837 38.241501042796152 0.90917648497112258
decision_type=2 2 2 2 2 2 2 2 2 2 2 2 2 2 2 2 2 2 2 2 2 2 2 2 2 2 2 2 2 2
left_child=2 3 4 13 5 7 10 9 12 17 -7 -8 -9 -2 -10 24 -17 19 -19 20 21 -1 -23 -24 -14 -20 29 -28 -22 -21
right_child=1 -3 -4 -5 -6 6 11 8 14 -11 -12 -13 15 -15 -16 16 -18 18 25 26 28 22 23 -25 -26 -27 27 -29 -30 -31
leaf_value=-0.018835744840260949 0.026626461123134493 0.040358140369194634 0.031518032857692405 -0.020316241807341553 -0.022671245538177225 0.033786171930237113 -0.01822967022701414 0.015568638157303524 0.034417375856878221 -0.027010408776351389 0.0087503659066510316 0.0077215250734141306 0.012602867980520252 0.00075223417728946095 0.011690119865372812 -0.022916568333072141 0.00051383951786371663 -0.037342300400934378 -0.0086870632460210664 0.021944162769560738 -0.028409474091085501 -0.013983346183775539 0.015489758673642289 -0.0043100850997325104 -0.0068748956017392546 0.0071276572802471466 0.013032372242544998 -0.0094158917215762025 -0.0089889401266497748 0.0043584369730679589
leaf_weight=27.882723703980446 30.965858459472656 43.95986308157444 27.188385903835297 28.135922074317932 50.056953147053719 28.727275922894478 33.612067431211472 25.484139308333397 25.966885447502136 34.594733133912086 52.92447854578495 33.173388764262199 25.91206394135952 28.45417058467865 37.193017318844795 47.232009410858154 36.104433864355087 29.320502638816833 88.434408754110336 26.176050394773483 32.343123406171799 29.111286655068398 44.13675032556057 40.101157486438751 43.341031268239021 31.888797000050545 24.911072164773941 41.109815135598183 28.375327602028847 26.418569102883339
leaf_count=112 124 176 109 113 201 115 135 102 104 139 212 133 104 114 149 190 145 118 355 105 130 117 177 161 174 128 100 165 114 106
internal_value=0 0.0155756 -0.00210894 0.00313285 -0.00307689 -0.00198034 0.0072563 -0.00381814 0.00286036 -0.00700962 0.0175586 -0.0053393 -0.00358553 0.0142362 0.021034 -0.00678449 -0.0127656 -0.0055381 -0.0109316 -0.00302038 -0.00789972 -0.00298401 0.000915357 0.00606411 0.000412996 -0.00449575 0.005287 -0.000945689 -0.0193337 0.0131108
internal_weight=0 131.516 971.72 87.556 944.532 894.475 148.437 746.038 241.234 504.804 81.6518 66.7855 178.074 59.42 63.1599 152.59 83.3364 470.21 149.644 320.566 201.95 141.232 113.349 84.2379 69.2531 120.323 118.616 66.0209 60.7185 52.5946
internal_count=4427 527 3900 351 3791 3590 595 2995 968 2027 327 268 715 238 253 613 335 1888 601 1287 811 567 455 338 278 483 476 265 244 211
is_linear=0
shrinkage=0.03


Tree=4
num_leaves=31
num_cat=0
split_feature=8 5 12 5 7 10 2 12 10 0 10 12 10 10 7 4 2 5 7 12 2 3 2 12 0 0 9 5 5 7
split_gain=38.028 66.4509 22.7321 24.3184 15.8485 24.3155 13.3599 11.9072 15.7691 9.95055 9.71931 10.9408 9.15238 20.0118 8.7061 7.84347 7.67796 6.99836 17.66 6.82165 5.61421 12.4524 9.63406 8.4636 7.46508 8.58668 7.00847 11.0772 22.9101 6.5987
threshold=0.030041135123074939 0.032648098127422927 30.195532324238023 0.04429628367499789 0.27542594373817292 0.0053828460392633124 -0.21341522506404062 13.940827065914721 -0.0010237553134599395 59.632497398570571 -0.036834071772887382 16.506078105501789 0.0085298159222191323 -0.0005129753366736044 0.14510081711024678 -89.166947306155109 3.9102755585191553 0.037838596025084582 0.15448932903740836 35.781567043115778 -0.21341522506404062 52.867580815158966 -0.95781299156668387 22.81736688962296 58.170945712307223 51.49587650817648 -0.012206876633813089 0.032172976120526442 0.026934287121086774 0.17814707998020032
decision_type=2 2 2 2 2 2 2 2 2 2 2 2 2 2 2 2 2 2 2 2 2 2 2 2 2 2 2 2 2 2
left_child=2 14 3 7 5 6 -4 8 15 -3 -9 12 13 -12 -2 -1 -11 20 -19 -7 22 -22 26 -24 25 -23 27 28 -13 -26
right_child=1 9 4 -5 -6 19 -8 10 -10 16 11 17 -14 -15 -16 -17 -18 18 -20 -21 21 24 23 -25 29 -27 -28 -29 -30 -31
leaf_value=0.0057621260803598674 0.0026963455775678392 0.041003939043198108 0.0094515614045394287 0.020697880544909644 -0.014903557624459806 -0.012894156373081958 0.032393143330543786 -0.025081119388236858 0.016848733692176234 0.031222310648687999 -0.022088892212997709 -0.012957621333829918 -0.031157242987940127 0.0092428352164795387 -0.018660992644445706 -0.016227969600842333 0.0089468352530488408 0.023022419663365497 -0.0080414860014994451 0.0070008683013025753 -0.02021266538984192 -0.0097748067788493744 -0.0029091557008333884 0.017615357388341867 -0.019055884997425578 0.0099070284660444357 -0.01992427485226379 -0.015970032109740642 0.023941687579313357 7.3083660870323626e-05
leaf_weight=25.958317428827286 31.139828100800514 39.458485215902328 46.440875113010406 32.705961957573891 24.921893417835236 33.090280905365944 44.964455395936966 26.562490046024323 45.666144996881485 31.478100478649139 48.954061478376389 32.072394698858261 25.122072219848633 29.344389960169792 38.312915146350861 33.356989294290543 24.975814312696457 27.172008126974106 41.823188111186028 29.197479873895645 67.112449377775192 34.891333132982254 40.885734722018242 32.420692175626755 43.460857793688774 46.586103424429893 30.821200609207153 39.322625741362572 28.690837129950523 25.903270065784454
leaf_count=104 125 158 186 131 100 133 180 107 183 126 197 129 101 118 154 134 100 109 168 117 270 140 164 130 175 187 124 158 115 104
internal_value=0 0.013263 -0.00234076 -0.00460725 0.00728825 0.0108867 0.0207371 -0.00574703 0.00359755 0.0294459 -0.00732638 -0.00653321 -0.0154017 -0.0103465 -0.00908522 -0.00660438 0.0213674 -0.00466584 0.00419225 -0.00356833 -0.00611352 -0.00946227 -0.00253945 0.00616807 -0.0046792 0.00147862 -0.00741556 -0.00356353 0.00446528 -0.0119124
internal_weight=0 165.365 937.448 758.833 178.615 153.693 91.4053 726.127 104.981 95.9124 621.146 594.583 103.421 78.2985 69.4527 59.3153 56.4539 491.163 68.9952 62.2878 422.167 217.954 204.213 73.3064 150.842 81.4774 130.907 100.086 60.7632 69.3641
internal_count=4427 663 3764 3048 716 616 366 2917 421 384 2496 2389 416 315 279 238 226 1973 277 250 1696 876 820 294 606 327 526 402 244 279
is_linear=0
shrinkage=0.03


Tree=5
num_leaves=31
num_cat=0
split_feature=13 14 1 3 12 3 0 2 10 3 15 12 12 14 2 2 10 15 4 14 13 9 3 13 4 3 4 4 2 15
split_gain=62.687 21.5086 20.5592 18.9505 20.578 17.6906 16.6542 14.1711 13.2524 11.4824 10.5851 11.1196 13.5413 10.4723 9.52181 9.2818 9.0265 8.91878 12.1587 7.507 7.04097 7.03159 7.31552 6.95541 11.4518 6.50312 6.25175 11.674 5.26735 4.94029
threshold=0.053505983409616771 -0.001190262118659746 0.5846513483483663 49.766460983715689 24.741524106157264 83.155798535414178 31.7491746416251 -2.9360544003325821 0.00042886384565299368 48.633447418762991 1.1490706382388305 35.781567043115778 26.885021426057548 -0.12503823871050221 0.27808744478750597 4.1190499338121551 -0.029705500551706673 0.96617484134481579 -54.80767195998731 -0.035120649938088326 -0.021398838370400072 0.025716823620397625 48.633447418762991 -0.043200180072880949 -94.968600380164247 30.699012715185912 -17.578798660918729 16.96067816063233 0.41571933997597493 0.66977481159266528
decision_type=2 2 2 2 2 2 2 2 2 2 2 2 2 2 2 2 2 2 2 2 2 2 2 2 2 2 2 2 2 2
left_child=1 3 5 4 16 -2 7 -6 9 -3 11 12 21 -8 -12 -4 -1 18 19 23 -19 22 -10 -18 -25 -15 -5 -28 -24 -14
right_child=2 8 15 26 6 -7 13 -9 10 -11 14 -13 29 25 -16 -17 17 20 -20 -21 -22 -23 28 24 -26 -27 27 -29 -30 -31
leaf_value=-0.022783128437084719 0.015278194789885057 -0.033099029088878115 0.016774663608606865 0.023825308676266376 -0.018297253089284312 0.049417412994935184 0.031143178512339796 0.0079990184762995208 -0.0057234113699777362 -0.006319087027433481 -0.0037000266860734237 0.013192210370500692 -0.027663689546187187 0.001788429348413854 -0.02518003450552379 -0.0018016667299805471 -0.0042846798349764469 -0.0069610813422199495 -0.01620694339440391 -0.0071824952929823126 -0.025508073071118329 -0.0086216463270825643 0.019109938338873173 0.026651807561128376 -0.00043090700387836991 0.019945049266378363 -0.006950663727166996 0.017857248516180799 0.0014836259038154959 -0.0092328911948339459
leaf_weight=28.805674344301224 27.212391018867493 32.9444570094347 62.866643026471138 31.171134144067764 35.098709881305695 27.431904509663582 24.925601989030838 38.869973912835121 45.254547938704491 25.612450659275055 32.851425245404243 32.943868041038513 27.358040437102318 46.585956066846848 42.734801948070526 39.366450324654579 24.917845904827118 58.50091877579689 35.306347131729126 38.091848447918892 26.888747915625572 74.107786029577255 30.163345441222191 31.883879438042641 25.124557435512543 28.686258688569069 28.919094085693359 41.672235652804375 30.879050210118294 25.095566377043724
leaf_count=116 109 133 252 125 141 110 100 156 182 103 132 132 110 187 172 158 100 235 142 153 108 298 121 128 101 115 116 167 124 101
internal_value=0 -0.00291551 0.0175616 0.000959249 -0.00171875 0.0324164 0.00631831 -0.00447876 -0.00819994 -0.0213856 -0.00593825 -0.00312125 -0.00542921 0.014289 -0.0158444 0.00962156 -0.00691238 -0.00501317 -0.000731571 0.0038209 -0.0128014 -0.00152828 0.00341705 0.00893696 0.014716 0.00870792 0.0126354 0.00769421 0.0101935 -0.0188458
internal_weight=0 945.394 156.877 545.449 443.686 54.6443 174.167 73.9687 399.945 58.5569 341.388 265.802 232.858 100.198 75.5862 102.233 269.52 240.714 155.324 120.018 85.3897 180.405 106.297 81.9263 57.0084 75.2722 101.762 70.5913 61.0424 52.4536
internal_count=4427 3798 629 2190 1782 219 699 297 1608 236 1372 1068 936 402 304 410 1083 967 624 482 343 725 427 329 229 302 408 283 245 211
is_linear=0
shrinkage=0.03


Tree=6
num_leaves=31
num_cat=0
split_feature=13 5 14 3 2 3 8 5 13 14 7 14 9 14 4 1 2 2 15 1 13 5 7 2 15 5 1 1 14 1
split_gain=59.0042 47.9771 20.256 17.8258 13.3973 12.8483 13.6672 14.0573 11.6088 11.5568 11.1591 24.9203 12.0415 14.3407 11.5081 11.1461 10.6166 9.82532 9.01163 9.45709 8.66815 8.62939 12.679 8.57822 7.14046 6.44868 6.3041 7.27665 5.65513 5.93383
threshold=0.053505983409616771 0.032557246539819791 -0.001190262118659746 49.766460983715689 3.5250061049124377 60.037671317687405 0.014093341851782572 0.029167592714518579 -0.0091060934025365397 0.12913096842586672 0.24739883252614081 -0.12503823871050221 -0.060466480018825701 -0.035120649938088326 -54.80767195998731 -1.1949616677382904 -2.9360544003325821 -0.20642096584119882 0.71573378330427706 0.55247864098954558 -0.043200180072880949 0.036264608059664062 0.10578261434651548 -0.99408276360069092 1.277879575553367 0.025347951726807438 -0.20330488579107658 0.19492783551275636 -0.085950257999923216 -0.8249106187309857
decision_type=2 2 2 2 2 2 2 2 2 2 2 2 2 2 2 2 2 2 2 2 2 2 2 2 2 2 2 2 2 2
left_child=2 4 3 10 -2 8 18 25 26 -9 11 15 -13 14 20 -1 -12 23 19 -7 -14 22 -5 -15 -3 -8 -4 -28 -22 -30
right_child=1 24 5 21 -6 6 7 9 -10 -11 16 12 13 17 -16 -17 -18 -19 -20 -21 28 -23 -24 -25 -26 -27 27 -29 29 -31
leaf_value=0.0058989469430780848 0.0082734003161093299 0.037139702742226909 -0.019391356487741464 0.016441863475139814 -0.019704725544492402 0.0013069494531684825 -0.010831281941860759 0.0091426535400264027 -0.024751757765826148 -0.015060098103043318 -0.028384933638418472 -0.019635931794959465 -0.0051653961474085863 -0.013148878421436324 -0.014878688862424723 0.031820939950282241 -0.001430072624863878 -0.025468316815526814 -0.0047069898428789177 0.026955696594610442 0.019395739972753265 0.027182437854958077 -0.0090379154878593836 0.0088497883188525632 0.019798903206000702 -0.029878720326869935 0.0036071343527284568 -0.016270009606642065 -0.0058500448103332254 0.01107720915455962
leaf_weight=32.373409986495972 38.663935676217079 59.076524719595909 31.951624631881714 48.157440990209579 25.604265749454498 26.662742167711258 34.21844270825386 44.322622165083885 61.033871307969093 29.6240294277668 25.78456611931324 35.584807336330414 44.585854262113571 40.292704179883003 26.839852884411812 27.704945549368858 26.839995175600052 28.555987432599068 44.033867612481117 25.13440178334713 40.908695101737976 25.957231014966965 27.679044589400291 26.409546375274658 33.484486326575279 30.041315853595734 47.015418350696564 25.60132560133934 26.878455489873886 60.795095533132553
leaf_count=130 155 237 129 193 103 107 138 178 246 119 104 143 179 162 108 111 108 115 177 101 164 104 111 106 134 121 189 103 108 244
internal_value=0 0.0170402 -0.00282951 0.000930449 -0.002873 -0.00796034 -0.00343554 -0.00947235 -0.014355 -0.000553296 -0.00166789 7.79591e-05 -0.00314973 -0.00116285 0.00339991 0.0178528 -0.0146372 -0.010743 0.00527069 0.0137529 0.00623296 0.0122524 0.00714217 -0.00443891 0.0308666 -0.0197359 -0.00828671 -0.00340063 0.0101853 0.00588775
internal_weight=0 156.829 944.987 545.348 64.2682 399.64 234.037 138.206 165.602 73.9467 443.554 390.929 330.851 295.266 200.008 60.0784 52.6246 95.2582 95.831 51.7971 173.168 101.794 75.8365 66.7023 92.561 64.2598 104.568 72.6167 128.582 87.6736
internal_count=4427 629 3798 2190 258 1608 941 556 667 297 1782 1570 1329 1186 803 241 212 383 385 208 695 408 304 268 371 259 421 292 516 352
is_linear=0
shrinkage=0.03


Tree=7
num_leaves=31
num_cat=0
split_feature=13 5 5 12 14 12 3 2 9 14 10 10 12 12 1 2 14 10 14 5 1 12 5 15 12 12 10 10 10 15
split_gain=55.5723 45.2276 19.5808 18.1308 15.4351 13.6018 13.8277 12.6238 12.2519 9.57827 18.1551 13.7558 10.6955 8.9165 9.8756 8.51683 8.1793 8.03342 12.5961 15.8743 10.5555 11.6292 9.4269 6.76545 6.4603 6.01578 5.53968 5.83297 5.48348 5.33764
threshold=0.053505983409616771 0.032557246539819791 0.043772195972034904 30.195532324238023 0.037039298958479246 13.940827065914721 49.146234844797803 3.465160926891806 -0.053068013522942929 -0.001190262118659746 0.00042886384565299368 -0.036834071772887382 16.660350590814375 26.885021426057548 0.26741087994768836 -0.11667682178394211 -0.034397892676003787 -0.0084228905705109863 -0.064922228140565738 0.030539357135348336 -0.77868333112510146 23.166525915122779 0.036027750490948182 1.277879575553367 35.781567043115778 19.782218268853331 0.026113640165361999 0.015724510845000265 0.014228959601442883 0.91284700864387414
decision_type=2 2 2 2 2 2 2 2 2 2 2 2 2 2 2 2 2 2 2 2 2 2 2 2 2 2 2 2 2 2
left_child=2 7 3 5 8 6 16 -2 -5 11 -11 -7 -13 14 -12 -4 -1 18 19 -14 -20 -22 -21 28 -6 29 27 -27 -3 -16
right_child=1 23 15 4 24 9 -8 -9 -10 10 13 12 17 -15 25 -17 -18 -19 20 22 21 -23 -24 -25 -26 26 -28 -29 -30 -31
leaf_value=0.0073130162482932318 0.0086476200289604729 0.043938960237153497 0.0040269805370621676 -0.00019391880743406756 -0.015949526279361637 -0.025343816953547017 0.016550923983772756 -0.018253081402028786 0.021815779824802334 -0.029076173721947901 0.0036546884947317392 -0.014170257674167833 0.019258962485005148 -0.023712832125884833 -0.01010557771390091 0.027281463982687527 -0.014583627815758397 0.0084692673774088914 -0.027267522846082571 -0.016739775421995343 0.0081797377076598277 -0.019577053897925783 0.0057919553701069491 0.019212028749213499 0.0030061296399971436 -0.01004389933769754 -0.016678080443166824 0.0099967397366958581 0.025421859544536091 -0.02847055650619703
leaf_weight=26.909589037299156 36.932130932807922 33.996796414256096 32.386948525905609 37.922927722334862 30.732337459921837 25.707988932728767 45.4799595028162 27.309975907206535 56.938338682055473 45.41791096329689 64.149665415287018 58.075989097356796 37.620067358016968 29.508799135684967 33.514275550842285 25.206239223480225 35.751490816473961 73.505331739783287 27.316084012389183 32.343825042247772 29.882956877350807 24.90816293656826 34.577828422188759 33.472296833992004 34.176179468631744 25.059077009558678 25.333375245332718 27.322820380330086 24.960443317890167 24.770649790763855
leaf_count=108 148 137 130 152 124 104 182 110 228 184 258 234 151 119 135 101 144 295 110 130 120 100 139 134 137 101 102 110 100 100
internal_value=0 0.0165459 -0.00274624 -0.00384695 0.00530371 -0.00585752 0.00395908 -0.00278814 0.0130169 -0.00757247 -0.0117453 -0.00423512 -0.00252987 -0.00831786 -0.00604813 0.0142045 -0.00518019 6.86862e-05 -0.0032396 0.00366713 -0.0120335 -0.00443856 -0.00509783 0.0299839 -0.00596883 -0.0106248 -0.00516068 0.00040946 0.0360995 -0.0179106
internal_weight=0 156.672 944.519 886.926 159.77 727.156 108.141 64.2421 94.8613 619.015 275.077 343.938 318.23 229.659 200.15 57.5932 62.6611 260.154 186.649 104.542 82.1072 54.7911 66.9217 92.4295 64.9085 136 77.7153 52.3819 58.9572 58.2849
internal_count=4427 629 3798 3567 641 2926 434 258 380 2492 1109 1383 1279 925 806 231 252 1045 750 420 330 220 269 371 261 548 313 211 237 235
is_linear=0
shrinkage=0.03


Tree=8
num_leaves=31
num_cat=0
split_feature=13 5 14 3 12 0 2 2 10 5 12 12 0 5 9 14 4 0 5 5 0 4 2 2 12 12 14 2 2 14
split_gain=52.4315 48.3504 18.1199 16.1634 18.4515 14.8115 12.9971 12.8061 11.9818 15.2024 9.4798 9.9902 10.0817 10.141 9.40149 8.59749 9.76618 8.50836 8.36979 8.31691 8.04663 7.87183 9.48683 13.0496 7.83807 6.97438 8.27764 6.38438 5.46461 5.46366
threshold=0.050740783156495113 0.032557246539819791 -0.001190262118659746 49.766460983715689 24.741524106157264 31.7491746416251 3.9102755585191553 -2.9360544003325821 0.00042886384565299368 0.029810664747447316 13.856097396854503 35.781567043115778 66.011089843963518 0.024836825151348156 0.047099337772320234 -0.055762180013357969 -98.172997575639712 32.471190238500718 0.036264608059664062 0.022506472509304876 55.803052735722694 -85.5978570093733 -0.36540553619543997 -0.95781299156668387 20.241160072419017 25.33645372200014 0.033467127523043379 -0.73524264468294664 0.21831725868331736 -0.039476585810277513
decision_type=2 2 2 2 2 2 2 2 2 2 2 2 2 2 2 2 2 2 2 2 2 2 2 2 2 2 2 2 2 2
left_child=2 6 3 4 17 7 -2 -6 9 -4 -10 12 13 19 20 16 -7 -1 28 -12 25 22 23 29 -22 26 -15 -23 -5 -19
right_child=1 -3 8 18 5 15 -8 -9 10 -11 11 -13 -14 14 -16 -17 -18 21 -20 -21 24 27 -24 -25 -26 -27 -28 -29 -30 -31
leaf_value=-0.020507555106322677 0.0063790970198805835 0.029489139489788506 -0.033721509784953162 0.014661319155628814 -0.017389604054755266 0.031417067871784013 -0.020572305389066643 0.0076265222929979386 0.010688864463564913 -0.0025457472922538094 -0.0078384347938334938 0.0071859470629995134 -0.027090425126871705 -0.015303795775877106 0.0065931759136941904 -0.00031630053081194382 0.0090558060871095691 0.0029859945655171089 0.026549308240041487 0.016385306297161152 -0.033133526573534126 -0.020848885844920232 -0.016719604041516987 0.022313764528907841 -0.012812862342193289 -0.020759652563090609 0.0062174060493105712 -0.004999165973164567 -0.0015800740296893648 -0.013564706679814067
leaf_weight=34.440819665789604 44.390136480331421 95.237830072641373 32.746333360671997 37.674631416797638 35.003950282931328 31.908233404159546 25.271643474698067 38.86599688231945 29.705942720174789 24.692446142435074 24.771780133247375 38.680130258202553 25.440618678927422 26.354203045368195 25.345041379332542 28.870139643549919 39.140829905867577 61.483056426048279 25.44548662006855 26.298770427703857 27.487601548433304 37.215168446302414 24.853820100426674 26.188810765743256 45.134211167693138 24.828327715396881 41.278300240635872 59.349290296435356 36.91197969019413 25.353708207607269
leaf_count=139 178 383 133 151 141 128 102 156 119 100 100 155 103 106 102 116 157 247 102 106 111 150 100 105 182 100 166 239 148 102
internal_value=0 0.0155959 -0.00275098 0.000800978 -0.00166014 0.00595832 -0.00339823 -0.0042276 -0.00765894 -0.0203193 -0.00549031 -0.00706291 -0.00912761 -0.00723532 -0.010419 0.0134887 0.0190983 -0.0065842 0.0116922 0.00463558 -0.0130308 -0.0045388 6.16291e-05 0.00375175 -0.0205043 -0.0071609 -0.00216871 -0.0111075 0.00662366 -0.00184631
internal_weight=0 164.9 935.47 542.706 442.674 173.789 69.6618 73.8699 392.764 57.4388 335.325 305.619 266.939 241.498 190.428 99.9192 71.0491 268.885 100.032 51.0706 165.083 234.444 137.879 113.026 72.6218 92.4608 67.6325 96.5645 74.5866 86.8368
internal_count=4427 663 3764 2181 1780 698 280 297 1583 233 1350 1231 1076 973 767 401 285 1082 401 206 665 943 554 454 293 372 272 389 299 349
is_linear=0
shrinkage=0.03


Tree=9
num_leaves=31
num_cat=0
split_feature=13 5 5 12 7 14 12 0 2 13 13 14 7 5 5 14 5 7 7 14 2 13 15 5 12 14 12 12 0 7
split_gain=49.4006 45.6138 17.2358 17.1473 15.0694 14.0238 12.7075 12.7338 12.2759 11.8097 9.22276 10.7643 16.1429 14.9375 12.822 13.245 12.0052 9.97119 9.03454 8.98314 6.69595 6.73851 6.46495 6.3159 5.8948 5.87308 5.42433 4.45679 4.2542 4.03082
threshold=0.050740783156495113 0.032557246539819791 0.043772195972034904 30.195532324238023 0.22398029460558452 0.037039298958479246 13.940827065914721 50.29432003709978 3.5250061049124377 -0.022197696720355761 -0.069387470586447272 -0.001190262118659746 0.21322435590660127 0.037429132984373746 0.034470504029581898 -0.081081455165084901 0.032648098127422927 0.17760881264568287 0.06502317473432942 -0.034397892676003787 -0.27989627145648183 -0.0018347981748729756 1.277879575553367 0.024836825151348156 18.513243743160881 0.045531076094087804 35.781567043115778 23.728792666604779 53.922884320571839 0.090037459566575037
decision_type=2 2 2 2 2 2 2 2 2 2 2 2 2 2 2 2 2 2 2 2 2 2 2 2 2 2 2 2 2 2
left_child=2 8 3 6 -4 9 7 19 -2 -5 -8 12 13 14 15 -12 17 23 -17 -1 24 -22 27 25 -20 -13 -7 -3 -18 -25
right_child=1 22 4 5 -6 26 10 -9 -10 -11 11 16 -14 -15 -16 18 28 -19 20 -21 21 -23 -24 29 -26 -27 -28 -29 -30 -31
leaf_value=0.0078506045641323925 0.0065655316010430264 0.04110164159602224 0.026865552612008667 0.0014482421442144715 -0.0042257166139398799 -0.014791601127996944 -0.020442837530627436 0.017071455682132069 -0.019386325356555597 0.022703594764571403 0.015308833530891205 -0.0022226349969220681 -0.021458157826512749 0.017921629901181027 -0.022355271480131923 0.011003962114852562 0.0067812937679436617 0.0013417196482167909 -0.012522189521014859 -0.014314502199787705 -0.026828254893501206 -0.0049495498805637861 0.018098809617917912 -0.013553375570382263 0.0038669041877905088 -0.021085330487720152 0.0026874947428745452 0.024621454482604534 -0.0071964792030333301 -0.026929391050649579
leaf_weight=30.163272678852081 43.159731522202492 36.636472553014755 32.174194663763046 44.902456626296043 24.879126697778702 30.393790572881699 44.831386089324951 40.69610621035099 26.462362706661224 49.416975185275078 39.869608879089355 34.344404280185699 35.566631719470024 36.387477442622185 26.587813168764114 29.82441508769989 35.193273767828941 28.531241893768311 31.054225221276283 36.213143453001976 25.285443335771561 25.393218383193016 33.664491817355156 29.375888720154762 54.267858415842056 26.180650621652603 33.692097589373589 24.742798656225204 44.219736739993095 65.453995048999786
leaf_count=121 173 148 129 180 100 123 181 163 107 198 160 139 144 146 107 120 142 115 125 146 102 102 135 119 218 106 135 100 178 265
internal_value=0 0.0151499 -0.00267037 -0.00370882 0.0133076 0.00522676 -0.00567624 0.00385877 -0.0032984 0.0125846 -0.00734344 -0.00630868 -0.0024651 4.92108e-05 -0.00275054 -0.000216455 -0.0107499 -0.0149596 -0.00394923 -0.00424207 -0.0072284 -0.0158656 0.0286637 -0.0179533 -0.00209815 -0.0103819 -0.00560226 0.0344583 -0.00100198 -0.0227858
internal_weight=0 164.666 934.898 877.845 57.0533 158.405 719.44 107.073 69.6221 94.3194 612.367 567.536 304.237 268.67 232.283 205.695 263.299 183.886 165.825 66.3764 136.001 50.6787 95.0438 155.355 85.3221 60.5251 64.0859 61.3793 79.413 94.8299
internal_count=4427 663 3764 3535 229 636 2899 430 280 378 2469 2288 1224 1080 934 827 1064 744 667 267 547 204 383 629 343 245 258 248 320 384
is_linear=0
shrinkage=0.03


Tree=10
num_leaves=31
num_cat=0
split_feature=13 1 14 3 3 12 3 10 9 8 0 2 0 3 2 15 1 13 10 9 13 10 14 4 3 14 4 4 4 12
split_gain=46.6108 17.0308 16.1568 14.8631 14.8396 17.0983 11.886 14.5892 15.2914 12.7331 11.7221 12.0196 11.5009 12.9661 8.42348 8.20517 9.00458 7.52505 7.17266 9.16548 6.91146 10.7901 17.9763 11.5255 9.66792 6.54167 5.7196 10.711 5.47307 4.90772
threshold=0.053505983409616771 0.63935576462183674 -0.001190262118659746 83.155798535414178 49.766460983715689 25.870178382586307 60.037671317687405 0.00042886384565299368 0.016402653687016992 0.014093341851782572 31.488090559059305 -2.9360544003325821 32.471190238500718 6.2498784556786466 4.1190499338121551 0.71573378330427706 0.55247864098954558 -0.0091060934025365397 0.0082174021390715186 0.047099337772320234 -0.045603835599916036 -0.0020644912433222524 -0.034397892676003787 -64.385976660807856 25.504629837833829 0.1570220146965903 -17.578798660918729 16.96067816063233 -108.28863681192821 21.380771512812007
decision_type=2 2 2 2 2 2 2 2 2 2 2 2 2 2 2 2 2 2 2 2 2 2 2 2 2 2 2 2 2 2
left_child=2 3 4 -2 5 12 7 -4 17 15 11 -7 -1 -14 -3 16 -8 29 -11 -20 -15 22 23 24 28 -21 -6 -28 -22 -9
right_child=1 14 6 -5 26 10 9 8 -10 18 -12 -13 13 20 -16 -17 -18 -19 19 25 21 -23 -24 -25 -26 -27 27 -29 -30 -31
leaf_value=-0.020441941986431122 0.01247017533343384 0.014470517786099016 -0.028752788238877499 0.042718715095769889 0.021877998652669452 -0.016130649410037241 0.001592421630098413 0.01063102821959044 -0.029241152400490369 0.0051005978863593827 0.01434647943502927 0.0095782263508249008 0.017245283722252439 -0.015616323219495087 -0.0036689078856077992 -0.0038815763797498096 0.026631423427664429 -0.016448677339898264 -0.021701417494786691 0.0045743712701842741 0.0085912537820268982 0.015391446110414273 -0.021645331434464714 -0.015180710634127317 0.020373971202040615 -0.015136671769048593 -0.0075854994160505246 0.016184038235281507 -0.011119039282342279 -0.0050539446005434044
leaf_weight=41.02549946308136 28.506317496299744 60.021341234445572 41.129172652959824 30.011834874749184 31.173234760761261 31.230584770441055 26.621449410915375 33.293122723698616 24.709359794855118 27.542594879865646 82.188408076763153 34.389058873057365 24.881516367197037 48.465198427438736 37.394929870963097 43.909546911716461 25.126675009727478 26.765574738383293 48.898227289319038 33.721108600497246 25.399394303560257 25.106532096862793 45.571798279881477 29.745861008763313 29.401595160365105 27.520509198307991 28.899513319134712 41.654399707913399 25.317046493291855 38.967421725392342
leaf_count=166 115 241 168 122 125 126 107 134 100 111 330 138 100 195 151 177 101 108 198 136 102 101 184 120 118 111 116 167 102 157
internal_value=0 0.0151916 -0.00251503 0.0279836 0.000843865 -0.00153027 -0.00710751 -0.0132737 -0.00812853 -0.00275083 0.00679754 -0.00265749 -0.00570408 -0.00332261 0.00750738 0.00565677 0.0137503 -0.00286043 -0.00859219 -0.0120163 -0.0055573 -0.00285704 -0.0058046 0.000766178 0.00668687 -0.0042833 0.0111762 0.00644782 -0.00124789 0.00217271
internal_weight=0 155.934 942.654 58.5182 544.45 442.722 398.205 164.865 123.735 233.34 147.808 65.6196 294.914 253.889 97.4163 95.6577 51.7481 99.0261 137.682 110.14 229.007 180.542 155.436 109.864 80.118 61.2416 101.727 70.5539 50.7164 72.2605
internal_count=4427 629 3798 237 2190 1782 1608 667 499 941 594 264 1188 1022 392 385 208 399 556 445 922 727 626 442 322 247 408 283 204 291
is_linear=0
shrinkage=0.03


Tree=11
num_leaves=31
num_cat=0
split_feature=13 5 12 5 13 10 2 0 12 10 5 7 12 2 2 2 10 0 7 2 5 5 7 12 15 12 2 13 15 10
split_gain=43.9521 49.8847 15.2112 15.0654 11.461 11.0984 19.2482 10.9822 9.51261 14.0175 8.90145 24.3356 8.82535 8.72136 7.66593 15.5578 12.4363 12.1681 12.1108 9.01075 8.81629 25.579 6.22094 9.86845 6.13183 5.57087 8.87039 7.81222 7.6403 7.14384
threshold=0.047069273180950118 0.032557246539819791 29.972678692017308 0.044709720267179585 -0.069387470586447272 0.0053828460392633124 -0.21341522506404062 29.145133426166449 13.940827065914721 -0.0039025058181667567 0.03722066537215829 0.14427562287096335 35.781567043115778 3.9102755585191553 -0.23902466515799145 -0.95781299156668387 0.00042886384565299368 48.328962585868929 0.17760881264568287 2.967030395108035 0.026380528782965592 0.030539357135348336 0.16771114744532833 23.728792666604779 0.87234910728205928 16.249485843699457 0.55387004443377064 -0.013337922707834847 0.83202406305227306 0.010702452471777925
decision_type=2 2 2 2 2 2 2 2 2 2 2 2 2 2 2 2 2 2 2 2 2 2 2 2 2 2 2 2 2 2
left_child=2 13 3 4 -1 6 7 -4 9 -6 14 -12 -7 -2 15 17 -17 20 19 25 -10 -22 -3 -24 -11 -16 27 -27 -28 -29
right_child=1 22 5 -5 8 12 -8 -9 10 24 11 -13 -14 -15 18 16 -18 -19 -20 -21 21 -23 23 -25 -26 26 28 29 -30 -31
leaf_value=-0.019441490986547117 0.0027309009917313174 0.035700859283736987 -0.011266169723665957 0.017509620388832903 -0.0088882768522006977 -0.013982742258751823 0.026910313194706274 0.014295169513932227 -0.016830262159786835 0.02193173949941082 0.027009423945313416 -0.0069681347178744326 0.0066715430293837492 -0.018638776139050444 -0.022171495420639974 -0.0025387960205690402 0.021533605824409205 -0.024666734110258451 0.0032187671546756256 -0.027886561424000533 0.024031948293238549 -0.013188587804868561 0.033954502645166439 0.0084225907127269423 0.0023772600405065126 -0.028002049664825088 -0.010192632566906206 0.00037990666287803632 0.012923347178575914 -0.020433686566707684
leaf_weight=48.433393999934196 50.108764290809631 45.993914037942886 32.322646602988243 26.921972066164017 43.216025158762932 37.04521170258522 43.090299099683762 28.435713887214661 33.895671531558037 33.869113028049469 26.391569063067436 67.476840764284134 37.43244069814682 26.162397906184196 34.003414824604988 48.469197675585747 32.111273139715195 35.517256259918213 43.914359122514725 35.48600871860981 27.887452840805054 41.118971318006516 26.29110087454319 28.279924616217613 25.149115920066833 26.604507178068161 25.986939236521721 34.771720096468925 25.491861507296562 25.893830716609955
leaf_count=196 201 187 130 108 174 150 173 114 137 136 106 272 150 106 138 195 129 144 177 144 112 166 106 114 101 108 105 140 103 105
internal_value=0 0.013697 -0.00263229 -0.00452165 -0.0053504 0.00523564 0.0115737 0.000696874 -0.00432758 0.00409333 -0.00585125 0.00258482 -0.00360191 -0.00459929 -0.00753198 -0.00342585 0.00705404 -0.0095267 -0.0110982 -0.0141175 -0.00430102 0.00185329 0.0275734 0.0207233 0.0135991 -0.0112891 -0.00862214 -0.014448 0.0012542 -0.00850394
internal_weight=0 176.836 920.937 742.61 715.689 178.326 103.849 60.7584 667.255 102.234 565.021 93.8684 74.4777 76.2712 471.152 219 80.5805 138.419 252.153 208.238 102.902 69.0064 100.565 54.571 59.0182 172.752 138.749 87.2701 51.4788 60.6656
internal_count=4427 714 3713 2996 2888 717 417 244 2692 411 2281 378 300 307 1903 883 324 559 1020 843 415 278 407 220 237 699 561 353 208 245
is_linear=0
shrinkage=0.03


Tree=12
num_leaves=31
num_cat=0
split_feature=8 0 12 7 10 2 8 0 10 3 2 12 7 6 8 10 10 4 3 3 12 2 9 4 7 3 15 12 3 15
split_gain=24.5948 26.4938 16.125 13.2488 18.0645 10.5724 10.1316 8.95221 16.7503 10.2645 30.3818 15.2668 10.165 11.637 10.0717 8.43445 11.6999 10.0732 8.51729 8.30986 7.03392 6.90947 6.75868 5.60969 7.70451 5.51977 5.13267 5.02253 4.82419 4.55624
threshold=0.030041135123074939 59.177788327330411 30.195532324238023 0.27542594373817292 0.0053828460392633124 4.3475027089101941 -0.0020558661502578231 32.075574983925648 -0.017210003643863655 49.146234844797803 -0.20642096584119882 13.940827065914721 0.21322435590660127 0.255900258071385 -0.0098551523719844197 0.0085298159222191323 0.013403080280185111 54.430584519297689 81.63464933393702 68.953771710307748 20.600897595050615 -0.9331887014481991 -0.021879352039871122 -104.85235403883028 0.10578261434651548 93.10936973522233 1.0198696331490453 36.314624182101376 16.165503604912857 0.98223448104152578
decision_type=2 2 2 2 2 2 2 2 2 2 2 2 2 2 2 2 2 2 2 2 2 2 2 2 2 2 2 2 2 2
left_child=2 -2 7 4 6 25 26 29 12 10 14 -11 13 28 22 17 -17 20 19 -18 -13 -16 23 24 -10 -3 -4 -6 -9 -1
right_child=1 5 3 -5 27 -7 -8 8 9 11 -12 15 -14 -15 21 16 18 -19 -20 -21 -22 -23 -24 -25 -26 -27 -28 -29 -30 -31
leaf_value=-0.024887190661088136 0.03057671960528088 0.016372634981708913 0.019544246406081357 -0.014095307827276813 -0.010192238829834504 -0.009072898054826797 0.033633216716337781 0.013794097784382182 -0.0067574101983335581 0.015640978147679438 -0.024412846889606599 0.0042677730764301676 -0.0070536751741576871 0.029003820192939064 -0.020833435861844465 -0.023621122248816826 -0.0086579432628534087 0.014385496780987368 -0.015223947420164375 0.012718873970913605 -0.01481910401845094 -0.0016792019355575734 0.011534897003085623 -0.013371450101330541 0.013472233940166388 0.00027269371082708444 0.0025864612227675474 0.0071105715547046273 -0.0038692328877413516 -0.0077716245900650432
leaf_weight=24.837701141834259 44.161722034215927 46.710482001304626 34.371705681085587 24.816857025027275 36.077898144721985 40.522855043411255 26.559544399380684 28.573656111955643 38.745675668120384 42.698190063238144 81.764704003930092 37.982293725013733 30.918531835079193 27.633935049176216 38.137091428041458 35.317389786243439 30.409226417541504 40.144417852163315 36.476292997598648 35.440288975834846 32.030840292572975 30.508719220757484 43.429376870393753 30.467204570770264 30.112041294574738 32.499975547194481 30.158482328057289 25.964434593915939 27.128737673163414 32.074545249342918
leaf_count=101 180 188 138 100 146 164 107 115 156 171 332 153 125 111 155 143 123 162 148 143 129 123 175 123 121 131 121 104 109 130
internal_value=0 0.010716 -0.00188514 0.00623865 0.00953401 0.00339067 0.0180378 -0.00380029 -0.00286734 -0.00492364 -0.0088839 -0.000927026 0.00763714 0.0130876 -0.00287766 -0.00378183 -0.00873323 0.002405 -0.00359473 0.00284709 -0.00446443 -0.0123206 0.00166313 -0.00265326 0.00208918 0.00976684 0.0116189 -0.00295109 0.00519153 -0.0152412
internal_weight=0 163.895 932.78 177.949 153.132 119.733 91.0897 754.831 697.919 583.664 293.165 290.499 114.255 83.3363 211.4 247.801 137.643 110.158 102.326 65.8495 70.0131 68.6458 142.754 99.3249 68.8577 79.2105 64.5302 62.0423 55.7024 56.9122
internal_count=4427 663 3764 716 616 483 366 3048 2817 2357 1185 1172 460 335 853 1001 557 444 414 266 282 278 575 400 277 319 259 250 224 231
is_linear=0
shrinkage=0.03


Tree=13
num_leaves=31
num_cat=0
split_feature=13 5 5 13 14 14 10 12 10 9 13 5 12 5 14 4 5 10 2 5 13 9 2 13 2 5 14 13 4 12
split_gain=39.9087 34.8613 15.7943 21.2493 11.4677 11.0215 15.8483 16.356 14.0317 12.1698 10.2296 13.4296 9.83507 9.80572 9.75333 11.7175 8.61724 8.23363 20.2944 7.77389 6.78553 6.46418 5.05701 10.1753 9.62868 7.63031 7.54626 4.46943 3.82201 3.47069
threshold=0.053505983409616771 0.032557246539819791 0.040849607902716224 0.0035364204719124941 0.10096433524191407 -0.001190262118659746 -0.0005129753366736044 29.972678692017308 0.00042886384565299368 -0.072384535057002083 0.021039468274458132 0.025048570510909824 33.833703487382863 0.022999416367633956 -0.085950257999923216 -95.860632427647474 0.029037846852994004 -0.017210003643863655 -1.0599227860625529 0.029687868207473506 -0.015595600600835256 0.038887139837489711 -0.49158781740235286 -0.020981060222001521 -0.95781299156668387 0.027440829245637729 -0.048191295888230505 -0.025532679949014422 160.29601329872054 23.728792666604779
decision_type=2 2 2 2 2 2 2 2 2 2 2 2 2 2 2 2 2 2 2 2 2 2 2 2 2 2 2 2 2 2
left_child=2 4 5 17 -2 6 7 9 16 -1 11 13 -9 -10 15 -11 -7 18 -4 21 -8 -12 24 -24 26 -25 -16 -28 29 -3
right_child=1 28 3 -5 -6 8 20 12 10 14 19 -13 -14 -15 22 -17 -18 -19 -20 -21 -22 -23 23 25 -26 -27 27 -29 -30 -31
leaf_value=-0.025284122381248254 0.0071981484727609898 0.028379107033500967 -0.011077343555037897 0.031227699888955067 -0.018869878413332195 -0.032308926455283174 0.003496698282622791 0.024610815316305271 -0.00059720185956227379 0.017246611100105839 -0.011602883209459292 -0.0056547339279848724 0.0018806926955678626 0.025225807409643284 0.0016694679695383168 -0.007830599021427272 -0.0083591003062499728 -0.013643031152592307 0.025699239280243594 -0.003213091477308735 0.024894245817892572 -0.031383658150258141 -0.026587430793643355 0.0022615980174151137 0.012378889097942311 -0.016195002103272908 -0.0061395757280932918 -0.024036988677233577 0.035113069845209462 0.014205648020609144
leaf_weight=25.752665385603905 39.349515840411186 33.834184244275093 27.157808616757393 27.566124722361565 24.735230416059494 30.15667037665844 25.349999383091927 26.850592970848083 27.727559253573418 38.074012503027916 36.496148258447647 162.6258345246315 47.334862127900124 25.319831341505051 45.434859737753868 29.969400107860565 24.510191142559052 24.893878117203712 26.861510276794434 44.578130438923836 28.149417906999588 25.090472549200058 29.113529786467552 45.416301622986794 29.639555498957634 36.250642880797386 24.79885359108448 25.440573379397392 28.532837733626366 28.771757781505585
leaf_count=105 158 138 110 111 100 124 102 108 112 153 148 657 190 102 183 121 100 100 108 180 113 102 118 183 119 146 100 103 116 117
internal_value=0 0.0140911 -0.00232783 0.00855267 -0.00286351 -0.00371685 -0.000588667 -0.0026202 -0.0075186 -0.00548242 -0.0051317 -0.00137918 0.0101076 0.0117283 -0.00380572 0.00620147 -0.0215709 0.000631783 0.00721009 -0.0127549 0.0147553 -0.0196616 -0.00668984 -0.0113596 -0.00256167 -0.00593099 -0.0071902 -0.0152026 0.0260129 0.0218654
internal_weight=0 155.224 940.559 106.479 64.0847 834.08 457.575 404.076 376.505 329.89 321.838 215.673 74.1855 53.0474 304.138 68.0434 54.6669 78.9132 54.0193 106.165 53.4994 61.5866 236.094 110.78 125.314 81.6669 95.6743 50.2394 91.1388 62.6059
internal_count=4427 629 3798 429 258 3369 1844 1629 1525 1331 1301 871 298 214 1226 274 224 318 218 430 215 250 952 447 505 329 386 203 371 255
is_linear=0
shrinkage=0.03


Tree=14
num_leaves=31
num_cat=0
split_feature=13 5 5 7 12 8 13 12 0 2 12 7 7 4 13 5 7 2 7 2 2 0 5 5 2 15 13 15 7 12
split_gain=37.629 32.9491 15.0132 14.0075 12.8546 11.6671 10.8301 10.5185 10.5281 9.55243 8.2141 10.439 7.41951 7.35413 7.01459 15.4794 13.747 9.07298 10.4713 10.2377 7.80577 12.4314 8.8532 13.5128 7.20325 7.52989 7.146 6.10457 5.91912 5.38271
threshold=0.053505983409616771 0.032557246539819791 0.043772195972034904 0.22398029460558452 30.195532324238023 0.014093341851782572 -0.022197696720355761 13.940827065914721 50.29432003709978 3.465160926891806 16.506078105501789 0.23760688762620211 0.12943229889106508 -92.01470410101247 -0.067575704275267975 0.03722066537215829 0.15648631550357503 -0.2253631230068491 0.17760881264568287 2.967030395108035 -0.95781299156668387 48.328962585868929 0.026380528782965592 0.031747958813850598 0.55387004443377064 0.83202406305227306 -0.013337922707834847 1.277879575553367 0.095776835662035348 23.610783121198111
decision_type=2 2 2 2 2 2 2 2 2 2 2 2 2 2 2 2 2 2 2 2 2 2 2 2 2 2 2 2 2 2
left_child=2 9 4 -4 7 6 -6 8 13 -2 28 14 -8 -1 -12 17 -17 20 19 24 21 22 -16 -24 26 -26 -19 -3 -9 -28
right_child=1 27 3 -5 5 -7 12 10 -10 -11 11 -13 -14 -15 15 16 -18 18 -20 -21 -22 -23 23 -25 25 -27 29 -29 -30 -31
leaf_value=0.0082659759046550159 0.0071415304710174873 0.031216266323610645 0.025574592889244411 -0.0043539751008489372 -0.00077410347255029279 -0.010224489252238853 0.029944273922302974 -0.0061175470443024099 0.015534581156809066 -0.016309112254735927 -0.016336172982116978 -0.018292503253553423 0.0092845371985663394 -0.012062780627336856 -0.01176004681232415 0.028620812597245048 -0.00076632936688671421 -0.027371524792563114 0.0075722453709912967 -0.027403618911678234 0.0084771194200584012 -0.022282837451703789 0.024458931993019288 -0.0066000832045816551 -0.011079560978845805 0.011356156490316226 -0.01626925912309217 0.015063853127190248 -0.020615737931323565 0.0018616906764077354
leaf_weight=27.167947381734848 36.953222021460533 57.66493946313858 32.507399663329124 24.82107849419117 55.73887836933136 37.170264914631844 25.296211376786232 45.549110576510429 41.648574993014336 27.096352115273476 35.511060357093811 47.452926993370056 41.004293978214264 39.017200797796249 29.607687965035439 25.16486120223999 33.263030171394348 24.935135766863823 29.005127355456352 31.379828706383705 65.437049299478531 26.989080592989922 25.177429527044296 25.250812157988548 26.894143208861351 26.959063127636909 33.325361832976341 33.172200366854668 57.132943317294121 26.419917523860931
leaf_count=109 148 237 131 100 224 150 102 185 167 110 144 193 165 158 120 101 134 102 117 128 263 110 101 102 109 109 135 134 232 107
internal_value=0 0.0136989 -0.00226002 0.0126166 -0.00322643 0.00449086 0.0089728 -0.00492515 0.00371782 -0.00277933 -0.00643949 -0.00488857 0.017167 -0.00371815 -0.00352165 -0.0024629 0.0118907 -0.0047211 -0.00908722 -0.0119311 0.000314806 -0.00467578 0.00126153 0.00890683 -0.00842633 0.000151821 -0.0138817 0.0253177 -0.0141844 -0.00825158
internal_weight=0 154.887 939.826 57.3285 882.498 159.21 122.039 723.288 107.834 64.0496 615.455 512.773 66.3005 66.1851 465.32 429.809 58.4279 371.381 198.919 169.913 172.462 107.025 80.0359 50.4282 138.534 53.8532 84.6804 90.8371 102.682 59.7453
internal_count=4427 629 3798 231 3567 641 491 2926 434 258 2492 2075 267 267 1882 1738 235 1503 807 690 696 433 323 203 562 218 344 371 417 242
is_linear=0
shrinkage=0.03


Tree=15
num_leaves=31
num_cat=0
split_feature=13 5 14 3 12 0 2 3 10 0 6 2 15 6 12 2 5 5 14 13 5 10 15 10 2 5 5 5 15 3
split_gain=35.5251 35.6357 13.5252 12.577 14.12 12.0525 10.5802 10.3076 12.9651 11.9299 11.2881 9.93611 8.06804 7.99387 10.5758 8.42006 7.28171 7.19961 15.0714 9.36368 6.60892 5.89137 5.82865 5.61126 4.69542 4.5635 7.98029 10.8033 4.79432 4.42551
threshold=0.050740783156495113 0.032557246539819791 -0.001190262118659746 49.766460983715689 24.741524106157264 31.7491746416251 -2.9360544003325821 60.037671317687405 0.00042886384565299368 53.384287053263833 0.76943302516711476 3.9102755585191553 0.78302748770262787 0.19490701306342997 16.506078105501789 -1.8672557525282312 0.038725581674027426 0.029687868207473506 0.124459001580579 0.018596186775631133 0.036264608059664062 0.013031659731977065 1.277879575553367 0.014666500429721176 0.21831725868331736 0.024705426906681906 0.03375190777990205 0.037838596025084582 1.0776419834982374 86.348273655481805
decision_type=2 2 2 2 2 2 2 2 2 2 2 2 2 2 2 2 2 2 2 2 2 2 2 2 2 2 2 2 2 2
left_child=2 11 3 4 12 6 -6 8 -4 -10 21 -2 13 15 -15 -1 -7 19 -19 -12 24 -9 23 -3 -5 -14 28 -28 -27 -21
right_child=1 22 7 20 5 16 -8 10 9 -11 17 -13 25 14 -16 -17 -18 18 -20 29 -22 -23 -24 -25 -26 26 27 -29 -30 -31
leaf_value=-0.0030349561090223811 0.0051637355678435057 0.038293084353771885 -0.026954544884456744 0.013386491740923613 -0.015919394225677622 0.0072810226557572209 0.0068709011730669813 -0.0031910999211309582 -5.2949636085619104e-05 -0.019250770990289396 0.0013486898668788102 -0.018471529465092323 -0.020991247445636973 -0.021022916695769424 0.0034325637003072848 0.021436067547762845 0.025737786081500093 0.012225749885571057 -0.018013902908718758 -0.01211267684298554 0.023687373183614868 0.012542238006516486 0.014962469107803057 0.019677193744092117 -0.001687391110960212 0.0097624526344060845 -0.030132699127554719 -0.0053055485841974927 -0.0079203925016087372 -0.02962404717840857
leaf_weight=25.286109775304794 44.399131044745445 35.254995748400688 40.59993988275528 37.600545778870583 34.768550127744675 73.52228057384491 38.783449977636337 36.622103288769722 76.040194168686867 47.225302666425705 24.708875268697739 25.034003853797913 28.846267566084862 27.083663791418076 38.592809587717056 25.332888901233673 26.05623434484005 36.463972210884094 25.00571671128273 25.356424748897552 25.272483751177788 51.600356966257095 33.372995495796204 24.840136528015137 36.800104722380638 26.986289024353027 25.336649134755135 41.794447779655457 28.240449532866478 26.629580289125443
leaf_count=102 178 147 168 151 141 296 156 148 307 192 100 102 117 110 156 102 105 147 101 103 102 208 135 101 148 109 103 169 114 109
internal_value=0 0.0129219 -0.00226452 0.000809279 -0.00136765 0.00530773 -0.00390223 -0.00652019 -0.0122509 -0.00740799 -0.00237212 -0.00335792 -0.00568807 0.000252718 -0.00665239 0.00921186 0.0121105 -0.00772511 -7.56657e-05 -0.013856 0.0104329 0.00601116 0.0250155 0.0305983 0.00593064 -0.0102573 -0.00772674 -0.0146758 0.000720248 -0.0210828
internal_weight=0 162.901 930.556 540.303 440.63 173.131 73.552 390.252 163.865 123.265 226.387 69.4331 267.5 116.295 65.6765 50.619 99.5785 138.165 61.4697 76.6949 99.6731 88.2225 93.4681 60.0951 74.4007 151.204 122.358 67.1311 55.2267 51.986
internal_count=4427 663 3764 2181 1780 698 297 1583 667 499 916 280 1082 470 266 204 401 560 248 312 401 356 383 248 299 612 495 272 223 212
is_linear=0
shrinkage=0.03


Tree=16
num_leaves=31
num_cat=0
split_feature=13 1 3 14 7 12 15 3 8 0 14 12 2 8 1 15 2 3 2 15 8 8 7 13 2 12 7 0 3 2
split_gain=33.5884 17.0685 13.9374 12.7173 12.3512 17.6485 11.3984 11.8759 12.5333 9.20403 12.2393 9.53466 8.82039 8.47287 7.90984 7.70714 7.24571 7.06127 6.78924 8.83475 8.22856 6.7323 6.55269 5.65668 5.38235 5.26375 4.84584 4.83762 5.7995 4.66904
threshold=0.047069273180950118 0.5846513483483663 82.419655194249415 -0.012344234013750508 0.24739883252614081 29.972678692017308 1.1803192628545254 60.486489867869714 0.013408567228304193 32.471190238500718 -0.085950257999923216 23.047332048581456 -2.9360544003325821 0.0010106368887105035 -0.11244698724578488 1.0198696331490453 -0.67174944722620866 52.18556553221898 -0.13810079047799403 1.0198696331490453 -0.013222910686583376 0.0093571825433043116 0.11425548306797376 -0.04380429750174241 4.3475027089101941 19.782218268853331 0.17814707998020032 61.459717063286682 56.936752191578428 0.75753410194924353
decision_type=2 2 2 2 2 2 2 2 2 2 2 2 2 2 2 2 2 2 2 2 2 2 2 2 2 2 2 2 2 2
left_child=3 2 -2 4 5 9 7 13 21 -1 11 -11 -6 14 16 -7 -5 18 19 20 23 29 -16 -12 -3 -19 -10 28 -8 -9
right_child=1 24 -4 6 12 15 27 8 26 10 17 -13 -14 -15 22 -17 -18 25 -20 -21 -22 -23 -24 -25 -26 -27 -28 -29 -30 -31
leaf_value=-0.01235439472089617 0.010639611767489005 0.0096225102496314795 0.038915181295965377 -0.0024484511502041303 -0.025426517446816118 0.024012294276290262 -0.019555654162386159 0.013072238669098563 -0.011681997125893087 0.0031344489681464924 0.00125075011298406 0.025808508817949268 -0.00089926194499078771 -0.021655409809470432 0.011075600647337933 0.0048465192828939302 -0.024688971813040448 0.018294054486278338 -0.01437606899985127 -0.012140856239655501 -0.0056079127085082526 0.022655417695726238 -0.0070949114060145065 0.020182355838150742 -0.0043711307968104587 -0.00089122841449517189 0.0020179287403930776 -0.026695081515264372 -0.0012458686693554014 -0.0044305665969093765
leaf_weight=47.977938801050186 31.847426384687424 75.469716936349869 30.922993078827858 24.515680134296417 25.400246694684029 43.602144926786423 34.118843898177147 27.596343010663986 52.606701537966728 38.259205311536789 26.333934664726257 29.608514010906219 27.463052436709404 38.694799140095711 31.6806410998106 33.309413492679596 28.521137297153473 25.147084951400757 44.024033695459366 44.361371994018555 45.751221776008606 27.068561971187592 40.949896797537804 30.83952634036541 36.799378827214241 26.364412263035774 41.621052697300911 25.505214765667915 28.636835232377052 27.273046642541885
leaf_count=195 130 305 129 100 104 176 139 111 214 154 106 119 111 158 128 134 117 101 179 179 185 109 166 124 150 106 168 104 116 110
internal_value=0 0.0120405 0.0245692 -0.00230027 0.00100948 0.00267141 -0.00607047 -0.0035803 0.00183122 -0.000124948 0.00176357 0.0130264 -0.0126843 -0.00938043 -0.00560079 0.0157118 -0.0144085 -0.00138435 -0.00403897 -0.00094919 0.00387451 0.0104123 0.000830866 0.0114625 0.0050357 0.00847472 -0.00563064 -0.015678 -0.0112005 0.0043724
internal_weight=0 175.04 62.7704 917.231 488.442 435.579 428.789 340.528 176.166 358.667 310.689 67.8677 52.8633 164.362 125.667 76.9116 53.0368 242.822 191.31 147.286 102.925 81.938 72.6305 57.1735 112.269 51.5115 94.2278 88.2609 62.7557 54.8694
internal_count=4427 714 259 3713 1973 1758 1740 1381 712 1448 1253 273 215 669 511 310 217 980 773 594 415 330 294 230 455 207 382 359 255 221
is_linear=0
shrinkage=0.03


end of trees

feature_importances:
adx_14=64
atr_pct=62
macd_hist=59
price_return_5d=44
bb_width_norm=41
ema_cross=41
stoch_k=40
price_return_20d=40
rsi_14=26
vol_ratio=26
cci_20=23
ema9_ratio=14
ema21_ratio=14
rsi_z=13
bb_pct_b=3

parameters:
[boosting: gbdt]
[objective: binary]
[metric: auc]
[tree_learner: serial]
[device_type: cpu]
[data_sample_strategy: bagging]
[data: ]
[valid: ]
[num_iterations: 300]
[learning_rate: 0.03]
[num_leaves: 31]
[num_threads: 0]
[seed: 0]
[deterministic: 0]
[force_col_wise: 0]
[force_row_wise: 0]
[histogram_pool_size: -1]
[max_depth: -1]
[min_data_in_leaf: 100]
[min_sum_hessian_in_leaf: 0.001]
[bagging_fraction: 1]
[pos_bagging_fraction: 1]
[neg_bagging_fraction: 1]
[bagging_freq: 0]
[bagging_seed: 3]
[feature_fraction: 0.8]
[feature_fraction_bynode: 1]
[feature_fraction_seed: 2]
[extra_trees: 0]
[extra_seed: 6]
[early_stopping_round: 0]
[first_metric_only: 0]
[max_delta_step: 0]
[lambda_l1: 0]
[lambda_l2: 0]
[linear_lambda: 0]
[min_gain_to_split: 0]
[drop_rate: 0.1]
[max_drop: 50]
[skip_drop: 0.5]
[xgboost_dart_mode: 0]
[uniform_drop: 0]
[drop_seed: 4]
[top_rate: 0.2]
[other_rate: 0.1]
[min_data_per_group: 100]
[max_cat_threshold: 32]
[cat_l2: 10]
[cat_smooth: 10]
[max_cat_to_onehot: 4]
[top_k: 20]
[monotone_constraints: ]
[monotone_constraints_method: basic]
[monotone_penalty: 0]
[feature_contri: ]
[forcedsplits_filename: ]
[refit_decay_rate: 0.9]
[cegb_tradeoff: 1]
[cegb_penalty_split: 0]
[cegb_penalty_feature_lazy: ]
[cegb_penalty_feature_coupled: ]
[path_smooth: 0]
[interaction_constraints: ]
[verbosity: -1]
[saved_feature_importance_type: 0]
[use_quantized_grad: 0]
[num_grad_quant_bins: 4]
[quant_train_renew_leaf: 0]
[stochastic_rounding: 1]
[linear_tree: 0]
[max_bin: 255]
[max_bin_by_feature: ]
[min_data_in_bin: 3]
[bin_construct_sample_cnt: 200000]
[data_random_seed: 1]
[is_enable_sparse: 1]
[enable_bundle: 1]
[use_missing: 1]
[zero_as_missing: 0]
[feature_pre_filter: 1]
[pre_partition: 0]
[two_round: 0]
[header: 0]
[label_column: ]
[weight_column: ]
[group_column: ]
[ignore_column: ]
[categorical_feature: ]
[forcedbins_filename: ]
[precise_float_parser: 0]
[parser_config_file: ]
[objective_seed: 5]
[num_class: 1]
[is_unbalance: 0]
[scale_pos_weight: 1]
[sigmoid: 1]
[boost_from_average: 1]
[reg_sqrt: 0]
[alpha: 0.9]
[fair_c: 1]
[poisson_max_delta_step: 0.7]
[tweedie_variance_power: 1.5]
[lambdarank_truncation_level: 30]
[lambdarank_norm: 1]
[label_gain: ]
[lambdarank_position_bias_regularization: 0]
[eval_at: ]
[multi_error_top_k: 1]
[auc_mu_weights: ]
[num_machines: 1]
[local_listen_port: 12400]
[time_out: 120]
[machine_list_filename: ]
[machines: ]
[gpu_platform_id: -1]
[gpu_device_id: -1]
[gpu_use_dp: 0]
[num_gpu: 1]

end of parameters

pandas_categorical:[]
